undirected weighted
1 2 95
1 3 26
1 4 34
1 5 53
2 6 37
2 7 22
2 8 62
2 9 77
3 10 0
3 11 99
3 12 31
3 13 35
4 14 18
4 15 21
4 16 52
4 17 72
5 18 74
5 19 19
5 20 42
5 21 15
6 22 62
6 23 2
6 24 26
6 25 66
7 26 15
7 27 10
7 28 94
7 29 83
8 30 97
8 31 71
8 32 38
8 33 75
9 34 32
9 35 78
9 36 48
9 37 9
10 38 6
10 39 0
10 40 84
10 41 53
11 42 55
11 43 47
11 44 88
11 45 36
12 46 38
12 47 20
12 48 2
12 49 55
13 50 88
13 51 55
13 52 13
13 53 29
14 54 79
14 55 25
14 56 1
14 57 9
15 58 45
15 59 95
15 60 66
15 61 38
16 62 18
16 63 47
16 64 69
16 65 66
17 66 39
17 67 81
17 68 91
17 69 80
18 70 61
18 71 67
18 72 7
18 73 65
19 74 10
19 75 61
19 76 75
19 77 65
20 78 86
20 79 22
20 80 16
20 81 59
21 82 59
21 83 60
21 84 41
21 85 83
22 86 86
22 87 14
22 88 45
22 89 8
23 90 37
23 91 58
23 92 92
23 93 66
24 94 26
24 95 59
24 96 15
24 97 37
25 98 98
25 99 88
25 100 74
25 101 71
26 102 100
26 103 11
26 104 58
26 105 3
27 106 69
27 107 71
27 108 99
27 109 84
28 110 44
28 111 20
28 112 43
28 113 77
29 114 69
29 115 58
29 116 84
29 117 55
30 118 43
30 119 100
30 120 92
30 121 24
31 122 84
31 123 69
31 124 13
31 125 14
32 126 88
32 127 29
32 128 84
32 129 36
33 130 72
33 131 24
33 132 4
33 133 92
34 134 90
34 135 93
34 136 69
34 137 7
35 138 83
35 139 80
35 140 13
35 141 87
36 142 88
36 143 62
36 144 3
36 145 60
37 146 56
37 147 57
37 148 55
37 149 11
38 150 94
38 151 55
38 152 19
38 153 35
39 154 88
39 155 79
39 156 52
39 157 11
40 158 67
40 159 19
40 160 20
40 161 96
41 162 3
41 163 5
41 164 72
41 165 95
42 166 62
42 167 26
42 168 24
42 169 78
43 170 92
43 171 50
43 172 30
43 173 30
44 174 0
44 175 69
44 176 60
44 177 30
45 178 43
45 179 28
45 180 69
45 181 54
46 182 36
46 183 46
46 184 28
46 185 40
47 186 83
47 187 33
47 188 27
47 189 46
48 190 69
48 191 0
48 192 82
48 193 34
49 194 31
49 195 13
49 196 9
49 197 47
50 198 65
50 199 45
50 200 1
50 201 88
51 202 92
51 203 60
51 204 18
51 205 59
52 206 72
52 207 34
52 208 6
52 209 38
53 210 2
53 211 27
53 212 10
53 213 81
54 214 50
54 215 36
54 216 28
54 217 24
55 218 40
55 219 57
55 220 1
55 221 26
56 222 28
56 223 63
56 224 9
56 225 60
57 226 56
57 227 24
57 228 6
57 229 31
58 230 60
58 231 49
58 232 73
58 233 33
59 234 17
59 235 16
59 236 76
59 237 5
60 238 33
60 239 96
60 240 2
60 241 45
61 242 97
61 243 45
61 244 91
61 245 10
62 246 94
62 247 54
62 248 83
62 249 58
63 250 8
63 251 38
63 252 54
63 253 4
64 254 62
64 255 1
64 256 17
64 257 20
65 258 74
65 259 61
65 260 42
65 261 40
66 262 64
66 263 35
66 264 13
66 265 74
67 266 8
67 267 85
67 268 33
67 269 34
68 270 4
68 271 31
68 272 41
68 273 9
69 274 7
69 275 53
69 276 12
69 277 41
70 278 76
70 279 30
70 280 89
70 281 70
71 282 39
71 283 24
71 284 81
71 285 3
72 286 67
72 287 48
72 288 82
72 289 3
73 290 25
73 291 32
73 292 85
73 293 92
74 294 55
74 295 43
74 296 76
74 297 93
75 298 4
75 299 70
75 300 42
75 301 67
76 302 11
76 303 49
76 304 54
76 305 11
77 306 47
77 307 6
77 308 100
77 309 9
78 310 0
78 311 2
78 312 8
78 313 62
79 314 42
79 315 32
79 316 59
79 317 23
80 318 46
80 319 68
80 320 92
80 321 71
81 322 54
81 323 90
81 324 53
81 325 64
82 326 99
82 327 16
82 328 53
82 329 93
83 330 10
83 331 66
83 332 22
83 333 60
84 334 78
84 335 36
84 336 49
84 337 54
85 338 79
85 339 22
85 340 86
85 341 5
86 342 0
86 343 76
86 344 63
86 345 1
87 346 18
87 347 89
87 348 38
87 349 29
88 350 23
88 351 20
88 352 77
88 353 76
89 354 1
89 355 85
89 356 62
89 357 15
90 358 59
90 359 2
90 360 97
90 361 41
91 362 44
91 363 37
91 364 3
91 365 85
92 366 81
92 367 36
92 368 4
92 369 29
93 370 37
93 371 51
93 372 1
93 373 69
94 374 67
94 375 54
94 376 31
94 377 81
95 378 57
95 379 16
95 380 66
95 381 38
96 382 30
96 383 60
96 384 96
96 385 91
97 386 73
97 387 86
97 388 87
97 389 73
98 390 39
98 391 85
98 392 77
98 393 52
99 394 87
99 395 2
99 396 75
99 397 76
100 398 42
100 399 21
100 400 85
100 401 85
101 402 44
101 403 0
101 404 57
101 405 87
102 406 75
102 407 65
102 408 77
102 409 3
103 410 19
103 411 25
103 412 53
103 413 20
104 414 90
104 415 39
104 416 10
104 417 29
105 418 73
105 419 23
105 420 100
105 421 79
106 422 58
106 423 80
106 424 25
106 425 88
107 426 54
107 427 41
107 428 19
107 429 71
108 430 33
108 431 92
108 432 13
108 433 6
109 434 13
109 435 52
109 436 79
109 437 6
110 438 14
110 439 88
110 440 44
110 441 91
111 442 49
111 443 85
111 444 48
111 445 50
112 446 71
112 447 82
112 448 66
112 449 54
113 450 41
113 451 91
113 452 55
113 453 17
114 454 85
114 455 6
114 456 8
114 457 38
115 458 78
115 459 93
115 460 84
115 461 25
116 462 34
116 463 95
116 464 94
116 465 65
117 466 25
117 467 28
117 468 84
117 469 74
118 470 49
118 471 63
118 472 56
118 473 27
119 474 13
119 475 94
119 476 14
119 477 37
120 478 36
120 479 91
120 480 58
120 481 12
121 482 97
121 483 11
121 484 81
121 485 31
122 486 96
122 487 73
122 488 10
122 489 4
123 490 16
123 491 28
123 492 49
123 493 57
124 494 11
124 495 72
124 496 29
124 497 37
125 498 57
125 499 88
125 500 44
125 501 19
126 502 54
126 503 58
126 504 89
126 505 65
127 506 79
127 507 9
127 508 25
127 509 60
128 510 83
128 511 18
128 512 71
128 513 60
129 514 87
129 515 6
129 516 64
129 517 26
130 518 0
130 519 20
130 520 95
130 521 23
131 522 57
131 523 69
131 524 80
131 525 12
132 526 2
132 527 3
132 528 59
132 529 3
133 530 31
133 531 50
133 532 52
133 533 71
134 534 89
134 535 29
134 536 84
134 537 20
135 538 94
135 539 17
135 540 10
135 541 75
136 542 54
136 543 38
136 544 50
136 545 98
137 546 83
137 547 25
137 548 88
137 549 88
138 550 96
138 551 95
138 552 39
138 553 51
139 554 32
139 555 24
139 556 25
139 557 29
140 558 32
140 559 53
140 560 4
140 561 69
141 562 32
141 563 77
141 564 91
141 565 10
142 566 93
142 567 42
142 568 93
142 569 53
143 570 76
143 571 75
143 572 76
143 573 34
144 574 90
144 575 54
144 576 10
144 577 98
145 578 24
145 579 99
145 580 92
145 581 75
146 582 17
146 583 80
146 584 4
146 585 7
147 586 40
147 587 32
147 588 40
147 589 37
148 590 67
148 591 62
148 592 82
148 593 45
149 594 25
149 595 88
149 596 26
149 597 31
150 598 28
150 599 71
150 600 80
150 601 34
151 602 65
151 603 22
151 604 47
151 605 66
152 606 24
152 607 85
152 608 5
152 609 4
153 610 6
153 611 90
153 612 47
153 613 7
154 614 11
154 615 52
154 616 42
154 617 92
155 618 44
155 619 92
155 620 6
155 621 73
156 622 9
156 623 26
156 624 81
156 625 77
157 626 15
157 627 52
157 628 20
157 629 82
158 630 54
158 631 9
158 632 23
158 633 41
159 634 20
159 635 64
159 636 88
159 637 37
160 638 14
160 639 23
160 640 41
160 641 84
161 642 67
161 643 42
161 644 10
161 645 16
162 646 53
162 647 73
162 648 95
162 649 75
163 650 67
163 651 35
163 652 47
163 653 49
164 654 8
164 655 8
164 656 48
164 657 69
165 658 31
165 659 61
165 660 30
165 661 92
166 662 89
166 663 48
166 664 97
166 665 68
167 666 37
167 667 58
167 668 33
167 669 100
168 670 55
168 671 26
168 672 90
168 673 32
169 674 66
169 675 36
169 676 69
169 677 5
170 678 47
170 679 31
170 680 51
170 681 84
171 682 49
171 683 39
171 684 12
171 685 72
172 686 2
172 687 21
172 688 71
172 689 18
173 690 67
173 691 25
173 692 74
173 693 54
174 694 88
174 695 45
174 696 68
174 697 50
175 698 4
175 699 26
175 700 76
175 701 10
176 702 7
176 703 6
176 704 11
176 705 15
177 706 34
177 707 5
177 708 48
177 709 4
178 710 86
178 711 18
178 712 79
178 713 99
179 714 72
179 715 1
179 716 67
179 717 19
180 718 95
180 719 99
180 720 2
180 721 98
181 722 11
181 723 60
181 724 30
181 725 98
182 726 50
182 727 48
182 728 78
182 729 69
183 730 85
183 731 85
183 732 54
183 733 21
184 734 43
184 735 72
184 736 89
184 737 37
185 738 10
185 739 35
185 740 23
185 741 60
186 742 11
186 743 87
186 744 23
186 745 69
187 746 48
187 747 59
187 748 64
187 749 62
188 750 47
188 751 30
188 752 18
188 753 15
189 754 43
189 755 80
189 756 39
189 757 36
190 758 63
190 759 57
190 760 40
190 761 81
191 762 6
191 763 79
191 764 63
191 765 43
192 766 63
192 767 17
192 768 88
192 769 70
193 770 57
193 771 39
193 772 68
193 773 41
194 774 79
194 775 50
194 776 56
194 777 57
195 778 35
195 779 5
195 780 1
195 781 6
196 782 59
196 783 0
196 784 79
196 785 6
197 786 53
197 787 93
197 788 72
197 789 29
198 790 36
198 791 72
198 792 74
198 793 95
199 794 73
199 795 13
199 796 90
199 797 64
200 798 69
200 799 82
200 800 75
200 801 46
201 802 80
201 803 10
201 804 73
201 805 65
202 806 2
202 807 67
202 808 50
202 809 54
203 810 19
203 811 26
203 812 29
203 813 62
204 814 70
204 815 53
204 816 45
204 817 91
205 818 53
205 819 93
205 820 53
205 821 88
206 822 67
206 823 69
206 824 6
206 825 67
207 826 26
207 827 7
207 828 94
207 829 40
208 830 11
208 831 13
208 832 79
208 833 96
209 834 20
209 835 35
209 836 41
209 837 42
210 838 82
210 839 16
210 840 1
210 841 2
211 842 93
211 843 35
211 844 36
211 845 72
212 846 24
212 847 92
212 848 56
212 849 5
213 850 2
213 851 81
213 852 40
213 853 39
214 854 71
214 855 47
214 856 51
214 857 38
215 858 96
215 859 62
215 860 70
215 861 74
216 862 62
216 863 84
216 864 59
216 865 72
217 866 12
217 867 45
217 868 63
217 869 39
218 870 17
218 871 65
218 872 27
218 873 60
219 874 26
219 875 1
219 876 22
219 877 28
220 878 4
220 879 46
220 880 65
220 881 72
221 882 96
221 883 14
221 884 33
221 885 46
222 886 76
222 887 86
222 888 83
222 889 28
223 890 55
223 891 67
223 892 63
223 893 60
224 894 71
224 895 51
224 896 16
224 897 47
225 898 79
225 899 15
225 900 85
225 901 46
226 902 11
226 903 4
226 904 53
226 905 60
227 906 82
227 907 71
227 908 46
227 909 5
228 910 9
228 911 12
228 912 11
228 913 3
229 914 7
229 915 14
229 916 43
229 917 37
230 918 10
230 919 25
230 920 61
230 921 90
231 922 60
231 923 28
231 924 80
231 925 2
232 926 31
232 927 78
232 928 31
232 929 89
233 930 49
233 931 71
233 932 61
233 933 66
234 934 73
234 935 39
234 936 13
234 937 35
235 938 93
235 939 31
235 940 82
235 941 2
236 942 82
236 943 73
236 944 33
236 945 95
237 946 52
237 947 1
237 948 58
237 949 10
238 950 18
238 951 65
238 952 57
238 953 19
239 954 43
239 955 25
239 956 2
239 957 65
240 958 69
240 959 67
240 960 29
240 961 13
241 962 25
241 963 23
241 964 75
241 965 84
242 966 18
242 967 63
242 968 45
242 969 84
243 970 10
243 971 82
243 972 56
243 973 21
244 974 56
244 975 1
244 976 50
244 977 27
245 978 27
245 979 29
245 980 11
245 981 17
246 982 11
246 983 60
246 984 74
246 985 76
247 986 100
247 987 15
247 988 92
247 989 17
248 990 70
248 991 42
248 992 25
248 993 70
249 994 8
249 995 45
249 996 70
249 997 24
250 998 48
250 999 63
250 1000 47
250 1001 47
582 545 62
329 524 65
106 432 47
841 225 64
485 840 32
651 915 70
298 15 6
713 442 30
203 15 29
669 948 20
258 504 70
333 372 7
12 679 46
743 105 2
612 717 87
974 144 48
724 320 36
79 971 85
71 132 96
138 749 18
540 794 22
207 725 89
343 775 75
818 370 70
513 61 72
992 921 72
787 936 60
369 751 49
523 881 44
690 602 90
784 627 62
733 738 22
712 101 20
271 983 85
455 534 43
74 385 7
135 328 47
717 697 78
841 843 34
808 980 63
757 857 0
373 292 75
32 906 75
187 448 44
995 449 58
665 871 88
502 959 93
379 285 75
740 510 47
194 731 77
433 397 100
759 473 17
742 812 46
94 753 77
691 909 36
177 184 99
283 663 39
417 211 3
227 14 6
358 773 26
322 619 15
236 845 73
318 967 98
75 878 85
439 490 33
564 892 62
608 754 96
542 526 52
930 910 62
3 886 96
801 264 55
474 617 78
123 639 12
60 84 70
828 304 86
141 387 58
298 640 1
884 833 19
600 232 11
246 134 86
149 894 74
154 962 85
568 831 69
668 585 85
164 33 61
752 138 73
218 993 3
8 110 95
765 792 90
421 137 47
104 455 95
643 507 26
178 307 99
859 614 74
932 327 66
6 77 97
7 99 42
15 23 46
570 61 94
413 31 63
119 103 83
859 793 48
26 487 46
303 320 43
333 239 54
18 87 35
240 676 62
378 14 29
805 743 1
881 473 44
183 809 45
281 718 90
936 57 60
90 226 74
675 346 0
128 654 41
751 79 81
601 777 30
178 749 88
764 301 79
699 989 27
918 636 3
839 206 41
594 139 60
737 772 7
718 596 22
210 226 46
565 182 45
369 971 28
680 908 50
810 324 19
193 825 47
663 413 40
980 455 96
585 602 43
370 177 69
150 544 84
365 207 33
952 422 44
500 642 33
418 962 92
589 805 58
336 24 36
959 5 74
214 977 90
339 155 98
740 783 10
137 726 11
816 274 80
572 967 100
811 677 80
337 643 75
692 18 74
540 529 42
644 790 11
561 86 34
374 636 89
286 316 18
126 777 39
131 307 48
434 948 21
479 347 50
982 237 52
778 368 84
216 547 84
848 734 9
653 50 54
794 629 84
591 446 41
69 85 13
951 768 72
769 445 21
421 512 31
357 706 76
112 578 21
460 105 55
214 291 75
648 603 13
936 904 23
782 797 40
479 674 60
115 225 91
827 222 89
604 374 26
864 920 95
814 836 37
543 172 20
900 211 69
39 428 43
502 393 31
550 393 4
376 214 98
533 480 26
504 411 0
380 935 73
26 421 56
608 312 27
477 257 100
827 423 30
730 304 22
707 63 54
486 531 82
244 64 45
126 802 56
577 563 89
822 220 17
647 703 27
574 802 6
364 499 74
233 897 51
230 617 96
716 723 14
12 393 18
881 863 92
634 733 51
220 694 86
371 917 38
311 199 12
866 727 0
430 909 76
428 874 80
509 263 35
91 883 66
855 976 59
817 504 17
18 315 36
785 650 51
726 19 20
221 862 30
605 695 59
284 165 64
978 965 64
371 125 54
703 270 57
147 412 74
523 965 9
899 203 4
20 961 22
359 28 37
783 355 69
884 283 92
940 389 18
930 108 23
877 493 56
50 58 39
847 537 97
946 731 73
76 65 29
488 308 2
694 796 82
929 991 59
919 830 78
183 339 74
806 872 50
367 588 32
537 413 72
973 64 23
478 543 92
133 381 28
957 55 61
481 651 90
560 543 84
894 240 3
537 729 71
279 163 69
493 96 58
823 176 41
807 565 35
883 974 3
135 608 23
923 87 3
699 246 13
537 492 74
692 839 11
228 733 38
199 958 45
777 522 85
999 447 43
472 430 61
33 303 66
801 95 59
243 342 81
728 977 17
299 226 77
366 326 93
785 147 92
676 868 10
916 890 86
551 43 71
854 237 43
312 20 56
581 125 10
434 414 48
363 659 100
387 678 64
671 115 26
809 574 19
999 95 26
690 318 2
464 556 89
379 939 94
925 667 89
806 619 24
185 743 100
668 185 70
548 756 33
945 394 33
431 782 9
236 226 97
753 365 65
934 380 69
779 541 6
132 959 54
862 702 36
107 132 21
646 768 69
439 389 69
2 343 1
581 990 1
527 87 18
227 209 98
62 955 77
633 32 82
267 779 54
536 390 71
177 356 16
395 655 21
8 47 27
55 866 43
309 318 82
11 937 41
141 19 28
652 286 77
74 665 40
162 235 14
763 328 48
12 628 48
87 886 72
646 204 72
191 981 15
266 688 53
860 486 55
984 413 73
904 83 95
242 231 40
159 212 53
656 589 47
266 723 46
792 770 63
728 482 70
891 511 68
357 948 55
675 86 52
732 657 58
300 888 80
327 63 36
762 73 31
674 546 79
6 857 76
670 238 51
529 369 95
792 225 12
159 504 64
951 910 64
639 558 31
726 549 99
600 519 100
838 883 62
266 893 4
678 909 81
269 45 58
699 127 66
973 409 84
576 244 92
693 682 30
62 702 61
299 6 75
705 267 34
814 239 73
554 607 9
731 20 69
754 523 35
553 303 57
574 136 71
607 658 35
127 389 20
380 399 21
61 442 99
993 297 23
917 313 64
498 448 62
553 662 10
855 500 93
892 426 64
879 849 55
708 947 89
573 477 68
3 637 17
177 945 40
842 883 13
993 348 67
808 859 21
304 493 86
641 768 46
573 817 92
431 491 6
367 84 37
134 129 29
674 702 79
683 767 23
215 643 92
545 558 52
950 695 8
601 734 92
941 78 62
297 190 81
922 978 44
404 770 60
624 260 27
317 753 22
196 689 92
294 369 39
792 657 31
929 71 11
280 99 82
494 894 71
838 636 10
193 539 21
613 363 86
308 879 23
219 379 35
532 278 74
356 147 38
800 714 11
169 24 59
700 310 79
680 980 74
501 327 33
561 20 39
597 986 20
54 230 87
894 522 26
297 530 89
972 484 22
908 343 77
216 560 29
308 386 29
108 305 94
924 471 1
423 70 63
608 151 45
741 868 93
116 590 28
165 516 38
333 921 13
58 71 96
803 854 99
351 269 92
668 267 57
546 485 16
136 539 25
322 102 47
579 141 100
604 165 74
327 889 71
137 350 13
568 642 4
715 150 0
279 74 36
352 321 79
307 523 52
740 879 60
606 253 7
484 36 5
880 362 94
366 288 19
345 37 63
177 979 2
774 864 50
874 916 29
616 309 22
53 171 71
286 58 27
46 174 61
279 225 75
65 840 74
732 288 35
405 592 33
622 275 3
315 838 98
703 367 66
901 163 64
609 929 36
535 742 64
132 880 10
292 878 100
709 441 43
234 449 18
61 325 67
221 555 49
552 306 7
904 559 90
483 607 32
745 290 51
166 779 90
95 259 12
898 285 9
343 18 89
597 972 88
490 625 35
703 394 29
127 463 80
17 733 73
713 485 100
554 197 10
254 139 95
457 549 19
40 693 93
334 364 87
734 263 24
184 574 13
963 928 53
985 216 80
621 981 99
783 332 48
892 582 67
736 508 96
788 343 10
306 955 1
172 829 75
935 147 71
28 123 49
781 448 95
295 796 23
132 840 2
429 776 38
32 963 58
765 169 70
78 562 79
909 615 81
585 896 5
169 909 21
248 198 33
788 696 14
769 292 99
535 688 59
641 156 32
729 122 24
388 547 52
517 525 38
10 360 91
321 536 70
727 392 44
754 390 99
758 97 38
673 390 64
605 724 43
858 376 9
968 274 67
234 328 62
333 860 42
530 481 73
905 893 58
363 710 83
474 173 69
30 621 44
735 600 67
367 217 54
88 249 21
800 712 70
391 677 88
569 926 23
833 664 96
520 82 15
775 381 66
503 303 99
1001 625 63
843 557 1
829 266 55
813 812 42
293 950 91
266 153 21
790 453 74
741 63 77
50 142 16
169 703 63
949 371 31
328 110 78
423 214 52
388 868 98
760 251 2
865 180 97
561 500 23
17 893 51
969 114 55
460 741 78
485 95 74
796 515 88
706 162 11
204 687 7
493 974 41
27 983 37
153 192 52
588 675 36
465 88 79
984 851 65
856 503 56
719 100 52
513 100 21
129 247 35
195 70 0
943 958 3
947 303 90
785 136 58
580 856 39
694 866 52
169 988 76
963 115 47
92 699 20
558 613 34
8 858 8
613 861 78
218 88 100
688 538 99
941 268 72
441 528 25
10 97 86
285 432 3
436 104 88
863 565 4
695 492 46
350 120 56
223 451 43
159 873 99
129 759 17
55 323 30
687 618 90
17 773 4
758 105 43
463 290 63
246 28 30
752 890 62
232 292 21
1001 229 19
445 129 26
930 21 10
201 301 74
730 425 34
831 28 46
825 424 40
526 759 91
126 396 92
813 859 70
744 665 82
559 772 1
835 969 55
304 319 92
450 204 55
148 319 47
715 262 63
558 278 47
861 887 4
629 541 11
696 905 55
706 9 51
413 930 49
647 189 56
274 104 41
243 579 10
406 647 85
834 602 70
729 538 57
307 124 19
614 315 2
342 688 50
354 441 100
313 440 55
628 430 40
557 424 74
391 878 26
502 778 64
886 529 31
991 178 82
63 699 15
788 950 31
429 186 3
852 166 94
199 347 32
81 273 56
143 721 38
950 804 26
9 305 0
713 964 85
902 509 49
270 124 72
287 984 95
793 241 16
971 16 22
293 483 89
393 524 36
996 760 44
531 352 11
27 438 3
338 350 10
8 391 6
300 333 7
77 499 51
902 412 75
879 295 46
782 546 86
239 315 28
739 168 89
807 143 78
200 778 4
244 739 74
353 534 94
117 891 3
220 232 41
449 203 75
196 651 11
772 844 18
238 926 1
891 272 42
294 453 47
967 374 52
19 747 58
117 358 34
970 683 43
137 163 54
282 188 63
576 701 81
421 972 90
689 631 29
477 866 67
898 872 23
464 5 62
268 505 95
198 208 68
537 505 15
521 150 12
106 622 72
495 463 61
721 695 70
797 318 41
443 850 50
369 8 72
270 153 25
842 867 87
158 544 97
75 573 27
506 467 10
669 506 4
964 966 88
642 363 44
336 524 38
307 311 39
123 754 47
704 387 48
285 513 90
329 633 89
300 37 61
420 244 51
955 312 11
99 921 99
636 424 51
11 353 67
397 109 0
166 234 55
227 893 32
427 733 68
276 986 67
415 696 95
342 385 97
736 406 61
141 54 29
359 246 87
810 312 88
439 509 32
747 295 78
877 18 97
146 578 63
575 661 26
346 169 46
675 928 74
560 178 7
754 126 56
593 797 20
590 289 35
380 292 28
521 716 95
669 137 66
994 246 70
82 849 23
242 946 94
625 654 82
774 273 48
893 291 6
560 751 52
319 271 9
718 346 80
203 509 83
169 452 80
387 486 64
676 885 0
787 366 57
595 783 55
872 228 7
106 75 78
851 788 24
134 199 93
969 214 64
293 776 13
964 496 98
92 578 37
498 277 4
853 453 65
94 359 79
471 651 41
681 583 75
186 879 31
761 16 7
719 149 4
534 863 54
214 181 35
875 533 87
914 181 1
65 39 36
111 569 17
591 950 18
948 330 89
521 326 73
765 768 86
532 536 49
773 692 53
24 142 63
822 386 34
216 918 34
252 284 64
367 447 77
405 438 56
240 544 58
590 425 80
619 848 74
264 741 16
462 990 41
548 971 18
218 996 15
370 6 92
400 703 19
717 791 1
799 390 60
682 803 32
587 687 1
212 697 65
333 356 98
129 780 9
952 599 44
632 684 39
982 361 56
674 319 46
478 78 72
823 25 8
672 715 87
945 127 85
733 767 19
842 824 28
394 123 13
708 338 16
687 854 26
767 346 67
855 125 69
722 578 62
684 623 7
868 444 87
289 773 16
865 146 46
343 129 2
388 912 25
843 586 92
146 537 19
691 282 99
555 229 58
803 342 46
106 612 92
980 523 52
242 94 87
296 772 96
187 817 94
183 915 40
755 234 68
477 720 57
486 89 93
50 850 62
976 540 49
915 875 3
644 435 84
721 592 18
942 541 38
755 715 84
911 754 82
696 603 48
619 614 5
1001 484 52
460 711 5
138 68 30
197 766 37
447 206 64
913 564 34
883 429 12
241 269 29
369 12 3
508 226 15
889 822 40
305 460 77
715 392 41
690 474 89
870 787 100
300 660 81
787 957 13
244 961 71
368 592 63
330 205 60
246 848 18
40 71 92
725 804 26
740 365 63
102 660 73
211 807 84
288 705 73
759 406 52
336 917 4
522 200 83
964 729 64
418 270 95
256 794 65
500 329 24
282 440 80
179 131 48
13 314 26
332 704 77
298 687 24
462 243 86
765 467 96
180 591 24
284 418 35
976 66 52
602 138 12
819 7 38
625 200 60
931 814 60
326 43 21
430 134 96
361 773 37
208 506 18
11 466 64
801 636 57
662 543 22
394 193 41
218 580 44
355 353 61
770 55 45
661 92 78
282 656 53
619 918 48
676 548 66
712 972 50
242 181 58
949 204 83
42 144 86
372 997 17
738 967 15
160 105 44
367 328 12
730 173 78
160 804 24
607 172 25
496 400 44
140 592 47
145 934 89
512 79 22
257 752 21
705 256 32
891 683 90
965 549 59
211 467 69
248 635 87
184 154 90
499 194 35
796 771 1
851 926 58
712 391 93
159 443 34
731 562 53
689 913 30
491 361 97
747 733 52
378 285 12
739 85 23
740 676 1
54 717 7
246 314 5
25 958 31
909 394 59
191 380 3
27 663 70
548 45 60
588 919 29
351 72 6
523 750 10
759 281 38
699 283 71
43 231 35
511 178 31
309 238 55
239 359 4
845 685 90
973 994 17
312 763 97
495 658 5
188 193 88
534 505 60
323 589 74
678 178 5
305 571 90
613 937 70
48 959 95
953 602 88
458 552 34
692 819 22
686 836 71
540 731 5
431 50 26
788 98 65
386 886 1
673 607 92
819 178 26
724 393 34
928 90 76
12 262 42
368 802 99
970 722 33
205 868 35
99 578 23
325 396 94
292 852 76
147 520 38
858 236 14
542 706 73
98 280 16
549 870 90
379 709 26
653 978 68
914 964 81
246 167 18
332 27 15
645 717 53
130 211 8
148 395 95
801 534 83
124 93 86
581 311 43
162 271 5
447 927 28
100 516 87
855 124 70
985 815 26
722 283 77
858 955 1
910 624 54
72 828 41
480 182 84
75 44 98
824 464 89
668 785 80
891 489 28
509 313 14
599 594 95
365 218 76
880 293 92
968 146 0
519 804 65
159 788 83
200 451 43
587 989 20
340 273 78
889 701 73
48 88 63
43 703 96
74 354 66
103 683 10
154 940 15
740 403 50
567 592 15
762 557 58
707 831 12
997 628 0
368 94 59
909 840 85
747 305 79
968 612 56
410 269 67
321 517 26
115 158 32
707 53 88
730 504 36
565 318 42
793 916 71
104 226 44
351 599 21
893 526 79
111 468 69
988 413 89
757 110 71
295 455 91
158 673 54
218 437 25
143 446 34
411 125 20
219 998 7
352 794 3
363 288 26
362 756 73
924 691 65
443 57 99
76 268 5
430 210 28
266 668 21
514 179 38
897 916 41
421 737 82
342 841 25
645 343 41
71 270 63
606 863 1
566 875 57
383 98 56
189 460 52
365 497 43
765 402 60
853 352 47
54 219 66
218 903 75
305 273 57
334 51 47
583 782 39
129 568 61
4 167 11
562 918 5
610 199 2
828 234 13
270 416 59
2 952 10
672 413 82
11 512 93
918 874 38
369 652 47
887 795 66
424 995 72
427 869 32
315 843 26
264 56 0
612 341 24
259 360 8
882 732 46
894 236 35
283 950 68
702 940 100
851 873 7
345 447 25
276 921 5
366 343 38
766 793 15
756 183 34
156 453 100
587 593 28
71 246 37
913 464 69
5 325 89
993 874 48
705 437 98
499 124 23
705 945 32
616 20 82
561 375 26
936 274 71
550 841 52
720 356 8
687 25 62
433 721 54
476 231 82
974 400 2
169 43 82
424 391 53
471 714 26
559 674 58
655 177 61
516 597 38
765 229 46
206 936 45
960 129 86
626 486 44
390 280 43
897 881 81
672 65 14
98 515 10
13 154 27
109 13 89
642 59 60
675 644 25
177 825 60
310 265 81
491 517 24
75 121 78
160 783 80
54 677 15
343 414 10
515 747 69
588 790 52
414 639 31
142 469 53
916 539 65
248 440 17
875 691 21
715 677 87
571 278 29
538 263 5
945 213 59
138 581 76
772 283 59
169 515 69
19 382 38
845 184 28
248 251 56
651 136 96
816 180 97
945 41 28
55 351 57
375 501 48
442 823 100
644 365 30
205 269 60
596 439 5
373 379 19
555 347 30
206 25 12
540 521 53
556 974 50
350 26 29
684 143 39
413 649 86
793 134 66
970 976 37
965 417 62
795 340 100
194 48 46
714 924 84
523 280 30
957 885 65
379 641 100
10 854 16
922 160 24
231 473 26
435 487 24
383 86 62
594 738 18
917 553 100
743 531 50
811 521 90
860 684 95
633 130 37
764 354 84
78 748 79
986 231 60
502 915 76
202 963 33
964 687 37
965 79 75
564 486 59
671 939 74
355 288 7
219 83 16
163 764 10
33 912 27
551 757 79
794 587 85
74 491 11
194 805 65
657 936 96
623 597 51
128 677 98
1000 444 9
745 868 51
90 997 38
450 392 80
147 681 30
939 129 49
594 649 81
386 741 42
936 614 32
188 222 39
62 857 1
41 221 17
568 74 55
545 41 52
292 629 1
827 605 28
606 740 38
270 180 36
933 753 15
388 450 66
46 32 54
330 668 33
258 482 53
12 548 17
710 651 85
996 213 42
817 949 6
705 185 36
281 126 97
219 240 86
762 828 30
13 932 33
823 182 74
917 386 76
666 315 76
451 679 25
695 234 70
79 847 7
914 746 31
441 344 22
921 432 97
786 338 33
972 206 19
875 255 21
588 879 60
46 758 78
335 286 26
752 588 1
30 129 60
72 787 73
119 71 98
67 960 81
496 652 31
673 130 41
374 645 95
308 342 16
488 746 21
699 864 17
223 149 97
754 594 33
224 572 87
416 660 21
584 13 39
235 387 43
848 389 78
519 155 99
156 285 51
236 706 31
838 183 46
722 361 18
21 136 24
162 325 83
508 871 98
547 701 78
918 965 67
582 908 16
444 456 86
971 940 68
712 507 4
834 934 63
27 407 63
309 740 71
735 985 9
600 798 64
721 978 19
553 157 6
144 225 31
634 593 98
186 995 53
423 649 7
571 838 11
911 857 35
175 425 99
415 310 28
123 862 46
477 85 98
525 661 48
399 527 75
787 563 15
559 29 40
277 426 45
33 416 87
165 490 16
475 182 69
575 571 72
23 267 65
513 53 5
993 406 82
937 912 54
184 721 5
792 517 94
392 924 54
139 947 15
999 451 42
263 450 36
422 902 79
846 738 97
581 928 74
901 810 13
501 284 16
156 843 87
790 371 17
65 961 8
581 113 18
240 673 14
60 772 9
793 628 81
825 60 81
874 124 17
397 250 63
862 658 71
297 461 71
612 812 27
156 823 20
133 756 59
620 204 83
459 457 36
654 740 96
126 119 54
427 227 54
179 83 3
871 505 38
697 49 91
93 462 100
677 489 9
256 378 97
615 177 68
702 475 74
119 524 100
748 791 83
99 698 46
995 116 3
107 299 84
189 801 17
830 992 50
583 72 95
399 981 11
62 560 35
139 611 3
734 847 23
332 450 45
1 730 38
755 866 28
4 900 78
881 579 94
111 404 58
11 166 24
544 707 53
516 325 61
346 951 48
240 495 7
234 974 83
486 473 20
995 393 14
597 409 68
287 578 69
328 302 11
969 982 51
655 850 31
686 708 71
747 320 43
456 506 17
318 647 39
195 273 24
266 254 33
27 290 49
301 515 13
509 925 40
717 829 36
858 958 85
101 726 9
604 17 32
336 590 92
932 343 69
43 968 57
107 901 75
290 74 63
496 536 30
289 923 5
684 742 42
16 219 59
502 694 76
798 358 23
451 977 29
779 885 48
96 432 45
244 565 19
723 94 40
293 835 60
620 653 7
897 886 36
825 663 84
686 742 4
616 631 62
364 98 59
953 471 44
270 436 75
141 425 92
233 306 47
707 14 52
551 429 63
643 87 52
564 51 99
719 910 19
120 716 6
91 920 44
420 914 59
889 328 1
25 293 65
651 635 3
194 584 1
393 803 36
227 877 10
291 822 35
893 19 46
172 700 30
63 60 60
951 485 94
15 598 84
917 402 21
808 344 60
755 957 43
983 929 55
497 139 46
604 152 38
390 667 22
691 148 19
349 907 80
641 376 20
727 452 29
182 370 13
934 262 54
608 16 24
24 689 42
156 206 96
389 267 75
21 726 96
134 220 93
413 636 5
296 117 97
86 224 17
176 880 60
379 16 51
678 612 92
567 242 70
257 142 22
438 754 59
501 646 30
851 939 78
800 853 71
390 411 55
875 308 68
48 888 1
448 437 80
374 304 38
603 327 11
392 755 8
892 338 10
270 712 92
150 718 30
202 922 27
216 820 51
770 732 36
597 19 94
957 478 43
355 66 79
146 365 31
54 233 57
896 950 43
58 280 68
371 734 90
537 941 23
505 914 96
160 124 45
957 437 99
147 661 25
525 905 74
489 982 42
798 802 75
550 447 66
420 638 90
426 430 12
172 221 34
688 558 53
268 42 68
952 356 90
217 862 25
838 874 39
426 385 30
774 826 41
968 825 91
867 7 10
775 647 42
887 986 16
953 888 50
860 597 57
417 458 96
90 666 35
481 198 82
128 481 64
203 734 59
382 333 55
91 759 10
139 438 47
475 679 89
130 817 97
523 867 100
244 483 46
419 947 67
370 527 83
409 607 49
352 428 25
802 162 69
579 210 21
379 699 39
344 826 80
812 137 10
845 890 50
268 927 40
982 923 51
622 514 16
602 518 48
220 387 56
438 164 76
167 147 77
489 570 46
365 652 41
983 758 53
559 502 66
362 75 10
855 949 46
922 447 95
998 777 72
334 685 2
104 241 1
774 486 55
908 891 1
361 217 89
802 222 3
428 82 9
44 979 45
777 583 24
615 933 81
650 738 97
50 933 37
938 869 28
726 832 66
889 194 20
294 338 41
794 505 79
928 447 8
302 239 79
712 510 32
299 24 11
379 510 57
913 122 43
282 537 30
664 147 21
910 627 52
761 917 91
967 867 25
421 990 39
29 470 86
615 655 92
35 257 59
12 853 97
477 849 4
995 383 63
261 629 9
393 432 38
850 210 81
181 728 59
584 793 68
512 284 69
414 158 29
651 183 25
5 823 45
879 947 50
856 407 61
131 273 19
165 735 41
916 654 5
91 223 13
210 871 85
713 373 28
108 160 76
732 264 51
616 608 92
301 818 45
622 99 78
582 612 4
679 511 3
69 820 60
238 176 92
909 380 81
951 871 20
225 431 7
761 325 53
918 538 93
811 929 23
735 143 33
385 85 15
611 271 33
509 891 80
192 744 46
986 184 30
722 285 70
306 315 64
417 423 3
554 454 52
402 38 49
999 902 48
894 292 65
370 36 69
327 682 75
171 656 33
389 742 21
496 826 59
944 110 32
151 345 28
284 658 37
995 749 81
866 46 29
808 858 33
59 243 26
624 352 53
280 860 99
758 513 82
97 919 35
726 250 22
954 584 40
757 929 50
881 994 75
507 693 71
844 624 53
163 140 46
730 68 86
161 353 48
30 845 39
103 476 76
285 969 41
480 338 56
327 663 15
747 7 18
136 393 68
810 885 10
39 539 59
501 388 87
42 298 64
163 480 64
469 885 69
684 31 6
729 788 35
147 677 68
131 704 9
823 931 32
85 285 1
370 601 84
757 887 47
742 16 17
381 481 84
840 742 85
674 33 84
639 880 35
605 559 29
528 436 39
827 107 20
953 443 3
322 642 40
387 112 92
469 411 24
127 315 77
309 494 20
635 424 42
184 701 51
84 320 88
431 943 71
567 597 62
747 705 51
592 582 32
37 183 79
837 531 29
877 341 74
713 443 74
600 117 23
466 593 22
704 555 66
497 548 83
348 836 8
376 434 43
859 789 70
620 918 93
976 414 68
522 87 29
398 715 32
110 519 61
954 321 76
478 33 85
690 16 37
450 597 95
611 864 22
929 365 35
391 455 77
132 350 31
779 749 72
198 247 17
897 510 90
35 812 33
427 896 58
60 817 61
693 574 58
524 502 70
244 329 67
420 702 76
631 203 77
963 49 24
122 414 36
225 629 49
421 194 80
802 900 34
253 429 78
900 754 39
998 784 70
672 547 10
143 403 41
805 917 76
56 905 84
132 746 46
958 92 17
634 414 4
97 606 36
208 36 11
17 962 63
76 972 34
262 575 96
967 377 21
338 318 90
785 933 60
330 985 95
721 55 51
445 815 41
204 198 65
283 636 82
135 257 83
247 268 93
61 759 60
718 473 73
283 182 59
17 768 66
620 331 80
696 292 11
613 252 87
400 693 43
573 52 25
17 468 61
420 92 67
603 473 63
90 100 98
880 674 71
53 196 60
304 99 50
165 877 25
57 516 70
323 228 72
798 199 42
790 802 18
800 531 56
12 541 74
573 583 16
797 116 81
267 376 45
448 836 2
299 675 17
466 693 79
473 216 31
313 200 53
885 58 96
65 104 82
580 331 84
344 275 15
500 163 21
581 563 22
938 542 70
465 299 61
600 470 26
994 855 22
302 132 26
29 328 32
306 33 45
348 43 9
375 177 55
569 682 22
607 164 49
709 477 23
500 651 73
25 711 27
753 53 26
577 604 87
371 527 32
153 598 37
928 944 78
97 947 79
989 739 100
680 578 54
434 409 28
585 148 12
425 522 25
500 800 68
270 256 91
805 435 79
780 585 56
487 628 28
570 667 97
166 870 85
774 159 49
768 845 25
570 996 95
697 47 31
141 809 81
593 201 22
437 492 55
581 853 5
788 167 43
22 836 57
165 324 49
335 471 8
19 415 38
326 505 1
416 935 38
723 367 66
800 777 49
350 345 2
800 517 41
859 452 52
245 852 3
238 224 9
490 793 13
757 781 79
359 911 83
321 702 76
605 347 52
886 221 34
348 383 6
432 61 69
969 173 5
866 686 73
609 784 16
421 824 75
527 41 55
913 39 76
877 398 33
653 849 70
776 918 80
420 479 41
510 842 59
664 894 79
45 758 56
394 700 76
485 307 34
426 699 74
519 4 97
506 659 6
419 885 71
478 990 1
751 689 83
401 285 13
278 349 2
743 563 86
540 608 32
39 25 21
500 684 62
457 522 83
162 186 0
225 341 32
274 744 72
991 646 84
675 430 80
335 637 28
64 660 65
690 14 98
333 230 55
216 356 32
483 12 53
180 729 70
897 776 54
662 841 61
903 73 53
803 874 77
344 811 41
743 612 17
70 191 46
667 773 49
743 517 46
84 398 57
659 952 50
521 930 69
988 70 59
984 704 69
337 303 99
139 95 14
607 73 41
640 647 41
585 190 93
11 605 89
603 502 8
981 281 37
962 259 16
535 171 64
841 4 37
923 899 25
680 376 95
571 20 98
295 971 39
954 842 1
286 234 90
403 937 65
756 262 57
791 283 30
234 387 23
191 185 52
23 400 6
893 406 20
290 384 21
271 119 100
440 559 71
824 797 79
680 846 87
78 938 51
339 125 30
665 539 37
358 136 4
675 575 47
15 448 68
254 15 17
375 808 95
573 108 13
756 250 84
579 916 62
731 61 89
753 924 85
418 18 99
652 430 15
449 66 49
67 969 78
654 191 67
220 368 43
435 850 87
472 818 63
826 966 55
566 645 18
745 240 99
101 174 37
121 480 92
545 40 27
890 548 60
933 222 43
787 228 19
647 98 75
26 906 88
287 744 88
567 585 27
635 281 39
280 353 100
1 85 20
237 223 79
341 448 59
318 478 39
266 262 87
400 613 97
531 523 49
595 64 62
767 8 53
395 27 76
811 718 61
558 250 63
963 500 39
213 109 81
455 94 42
53 191 5
944 364 93
600 947 10
460 944 97
165 260 91
653 836 47
638 683 64
926 936 91
755 127 55
437 362 77
708 132 37
624 479 95
969 70 26
587 160 72
575 877 10
290 639 53
205 387 25
691 438 38
163 604 45
205 733 87
106 204 11
731 624 38
509 657 74
356 972 64
143 756 71
900 997 22
283 726 65
789 591 29
947 309 31
736 129 57
351 765 18
779 780 71
971 208 28
19 778 81
57 583 90
209 517 83
969 24 31
658 900 21
924 413 63
526 327 41
682 225 87
661 704 21
469 15 74
715 253 85
813 521 35
976 501 19
601 242 9
722 115 1
929 683 31
217 572 37
76 709 83
291 306 39
869 256 18
758 506 43
885 747 48
43 345 10
962 357 32
308 264 80
629 264 54
205 964 73
650 778 29
599 283 18
741 904 89
358 596 67
40 279 9
149 55 46
646 53 23
362 393 8
201 209 50
241 693 35
493 807 39
192 993 54
737 143 59
759 723 24
901 726 18
878 965 85
50 449 43
800 192 90
95 344 11
789 437 14
549 49 31
90 967 20
318 876 64
899 924 71
968 550 99
491 769 2
661 138 75
538 120 60
632 553 96
607 355 16
805 752 91
597 24 70
258 829 29
942 3 56
344 860 71
22 297 26
707 587 65
778 68 97
669 469 53
693 598 3
938 321 36
805 21 28
10 136 58
161 276 2
466 521 83
944 445 56
411 24 71
388 919 64
199 446 96
120 125 74
515 561 16
951 759 8
381 416 8
518 42 20
466 723 91
840 825 33
938 2 79
933 907 75
810 177 82
261 772 48
595 805 25
201 751 87
69 986 0
617 860 30
477 143 1
349 156 13
916 840 73
868 472 52
614 885 77
438 912 99
664 679 73
286 509 69
106 977 25
43 840 63
863 207 16
558 89 15
615 920 64
507 341 86
614 420 98
353 175 25
122 786 68
618 681 65
260 479 35
436 884 53
35 736 57
852 627 62
383 805 24
2 561 12
574 585 67
261 357 32
393 172 50
73 565 63
518 54 87
238 253 3
237 267 32
452 353 53
864 274 15
663 200 51
664 853 84
437 250 13
549 630 23
105 774 0
434 190 81
436 347 33
806 179 33
989 141 55
287 345 78
498 198 91
336 749 4
944 200 3
820 919 65
561 556 28
961 101 99
980 375 92
519 249 98
91 105 10
273 473 90
732 542 23
143 440 60
208 14 13
702 210 87
459 880 31
760 227 41
421 760 51
54 147 5
833 983 58
636 293 80
430 708 43
231 688 68
268 739 74
57 5 92
292 656 34
522 239 5
489 289 29
762 663 25
834 534 7
749 726 41
790 395 2
430 484 50
613 833 95
173 99 73
422 19 76
293 887 32
155 735 55
883 218 58
170 775 93
563 65 59
817 542 26
714 880 84
674 106 86
396 901 20
637 627 40
218 226 82
691 324 9
537 292 70
542 645 80
836 332 97
830 490 46
399 927 94
866 714 9
61 645 8
93 480 41
341 842 31
931 773 63
853 484 4
163 113 75
560 523 77
634 1001 61
166 556 52
472 794 89
9 11 62
838 518 67
989 196 77
994 90 40
277 10 93
334 974 25
204 736 81
693 733 18
212 1000 5
328 386 72
755 415 56
307 937 24
829 792 89
277 914 13
733 537 58
833 162 35
284 819 51
74 346 76
240 551 9
708 791 80
185 311 77
363 657 7
704 403 34
624 703 63
981 143 34
547 30 81
549 183 67
740 643 81
75 721 83
644 753 100
286 588 53
130 208 88
827 805 45
708 993 26
1001 721 30
984 587 23
306 281 92
861 634 43
763 318 71
390 313 92
12 398 42
726 362 30
122 230 49
252 563 74
254 190 76
482 213 16
70 169 35
176 231 73
390 306 7
831 720 68
508 47 63
968 239 50
728 86 71
239 324 97
49 849 64
231 342 95
78 879 49
729 810 93
507 650 69
292 39 68
451 270 56
169 9 56
342 548 30
778 391 21
372 522 15
448 40 70
234 625 26
154 517 32
70 54 83
638 251 76
156 877 78
451 276 60
821 391 12
517 686 71
476 996 11
179 216 64
280 204 92
223 547 78
873 149 78
522 676 66
989 6 90
85 641 56
386 23 8
175 178 9
380 490 58
236 425 49
404 477 89
148 227 15
668 207 72
277 541 16
219 337 5
312 878 44
736 478 45
815 426 27
544 386 58
521 495 55
470 287 47
677 797 3
561 627 1
664 430 32
920 982 83
218 728 29
759 528 27
693 185 60
528 494 5
411 920 45
602 775 93
891 874 65
642 978 82
359 153 85
440 591 46
474 584 73
20 457 41
249 147 32
789 351 75
420 326 42
793 205 0
275 423 83
502 510 96
938 534 92
377 454 87
333 20 53
521 722 14
32 849 8
163 8 43
462 85 22
747 604 58
693 245 99
281 688 13
255 682 32
260 914 78
37 789 64
757 172 27
214 691 39
610 926 78
9 676 89
254 786 42
572 51 63
797 25 92
47 125 48
489 357 68
605 870 7
186 724 82
869 306 85
131 500 56
959 821 62
897 625 68
972 586 74
185 852 13
192 814 79
14 925 9
106 995 68
54 683 98
862 773 74
758 285 26
330 151 27
314 444 66
131 711 82
903 929 58
702 622 19
802 228 9
802 515 40
400 660 62
813 659 95
4 2 97
746 837 2
909 953 89
818 621 85
491 534 3
161 129 74
991 733 61
614 17 17
702 525 47
86 683 36
300 142 87
377 78 55
287 774 39
420 135 63
589 729 25
792 247 7
68 141 54
28 414 90
172 472 91
283 478 79
433 156 19
935 554 19
545 367 24
423 797 8
22 300 21
872 116 82
243 870 37
56 429 93
483 704 25
636 932 32
566 646 24
155 67 95
566 14 99
353 375 34
822 331 64
55 434 84
918 412 82
702 329 47
184 492 96
587 454 39
556 582 74
636 279 51
933 448 59
969 981 52
349 838 9
617 114 56
15 82 46
786 112 20
917 26 76
87 712 77
385 188 39
623 772 23
813 581 19
934 821 87
971 522 84
685 5 4
353 799 10
699 3 44
525 376 54
517 548 40
623 536 70
373 617 77
916 876 69
828 801 3
817 902 59
429 719 22
686 260 92
476 752 33
983 813 91
329 558 59
729 870 11
967 32 93
853 345 21
836 900 61
297 438 73
340 100 60
989 167 20
513 80 64
815 765 53
436 736 45
238 458 23
640 724 67
139 402 40
612 458 32
769 317 79
201 681 82
886 839 18
759 970 5
365 823 3
999 146 85
685 455 50
760 211 24
896 557 57
38 764 26
357 929 6
614 265 0
667 668 39
695 845 39
304 856 45
736 457 50
932 173 33
924 93 19
686 449 64
917 219 71
843 264 94
361 910 26
48 178 89
956 896 26
596 416 53
287 593 1
776 465 63
564 164 3
199 131 75
921 648 53
728 360 16
459 866 80
837 679 5
71 41 89
441 861 48
289 494 83
496 635 100
383 606 75
462 306 29
153 754 61
138 389 5
848 18 35
291 976 52
863 468 61
374 979 40
963 671 61
6 734 29
945 245 27
952 68 61
689 195 58
772 959 87
65 552 38
646 780 94
163 539 70
359 945 83
589 448 24
348 440 7
119 590 94
640 449 54
415 421 30
410 347 40
673 218 90
53 905 54
212 859 5
145 76 96
744 439 4
74 1 2
783 576 20
339 529 35
703 452 40
216 657 76
987 589 33
75 65 47
690 339 24
78 574 48
256 574 18
84 813 12
540 313 33
879 871 75
92 299 21
137 448 85
755 362 52
714 72 81
242 911 48
341 78 66
865 306 65
403 340 79
533 474 92
611 827 48
387 653 33
535 832 68
987 230 46
232 6 33
362 544 69
442 471 72
319 250 45
628 720 27
462 669 54
950 584 71
367 384 47
194 881 52
702 913 80
178 741 36
292 88 69
434 11 7
595 468 55
631 429 30
349 30 40
109 305 4
733 532 61
605 405 3
650 643 97
174 630 36
198 51 30
893 701 22
925 502 69
346 94 51
490 887 68
284 182 42
404 996 84
939 159 94
671 829 61
106 950 18
200 782 13
342 867 47
191 240 67
616 110 64
396 1000 16
340 970 46
683 526 69
363 439 42
228 327 1
344 558 8
665 65 17
900 383 55
425 391 48
213 391 39
943 57 75
511 360 31
668 708 77
1000 430 97
43 523 35
410 948 58
89 606 13
162 255 99
535 782 89
682 948 28
337 353 6
647 26 37
616 452 4
337 793 72
835 447 81
728 605 55
105 778 53
96 789 35
608 140 63
390 961 28
881 366 69
651 603 75
48 452 76
490 417 52
874 988 47
736 500 88
145 560 23
838 324 10
303 946 2
237 979 10
549 191 42
716 230 87
33 547 57
469 588 48
725 414 1
54 312 96
671 473 48
813 920 83
704 765 81
533 146 71
770 971 100
979 518 87
476 431 99
152 537 30
469 442 34
588 289 43
697 261 87
801 425 6
289 338 24
305 773 9
825 648 98
980 504 31
111 32 24
477 953 92
169 274 17
767 418 29
531 726 30
601 952 36
380 220 91
891 639 39
60 812 38
891 417 55
983 643 90
770 915 54
53 546 52
683 642 76
685 695 35
67 26 71
915 322 32
110 153 14
156 66 12
716 535 71
840 886 0
255 609 20
281 17 71
320 613 25
858 582 72
511 697 67
540 87 35
71 432 21
337 923 43
295 700 41
293 479 88
815 494 14
183 179 40
985 177 7
179 120 93
923 447 56
700 568 12
437 933 30
490 911 84
955 1000 1
733 992 54
156 948 42
961 606 38
899 925 92
795 578 61
897 451 58
807 369 56
200 236 71
979 716 61
486 737 41
269 574 56
114 951 61
951 539 15
294 504 39
684 761 7
729 987 29
547 997 42
101 765 60
247 28 24
876 815 20
685 557 67
487 991 47
885 536 25
784 994 72
137 324 47
560 662 44
205 873 35
205 181 50
786 704 55
816 810 35
789 486 5
198 668 93
468 308 75
869 205 67
330 168 85
189 75 95
920 521 29
563 985 14
925 420 19
997 845 87
498 319 2
452 878 28
509 650 86
479 970 97
288 728 82
990 272 5
856 656 59
551 591 65
856 131 46
81 617 77
995 692 2
710 786 48
80 937 40
51 494 33
23 262 16
70 369 57
166 594 30
614 709 60
690 425 59
472 293 37
351 552 73
938 884 19
209 434 31
490 976 85
701 200 42
102 844 21
967 457 64
6 510 41
720 645 27
534 697 68
345 981 20
241 438 67
524 606 14
57 977 87
44 295 36
963 1 69
710 748 4
661 283 74
460 226 95
63 963 92
609 887 91
997 258 64
733 706 48
652 363 60
835 975 70
892 472 74
701 172 41
531 244 100
18 478 100
368 24 10
861 204 24
308 736 72
148 806 35
153 443 45
126 131 38
364 349 74
95 5 30
848 343 73
895 371 79
823 749 94
768 45 35
100 530 99
166 667 2
837 818 27
522 149 9
856 137 93
264 110 91
34 148 52
190 92 86
605 650 20
272 506 70
8 862 33
187 174 12
440 8 99
404 816 70
988 249 68
119 619 21
833 555 69
812 637 45
243 231 40
729 220 30
349 580 72
906 545 56
570 46 61
167 531 16
237 843 5
256 572 54
807 906 13
130 807 80
299 783 11
239 908 89
908 144 85
264 229 96
301 581 13
614 662 9
906 811 79
507 374 55
803 591 51
449 758 93
18 7 90
249 907 99
264 348 23
100 227 5
671 815 64
519 521 21
936 410 55
592 644 28
209 757 56
2 393 46
476 801 47
368 282 27
468 478 11
161 631 46
945 143 85
928 11 93
672 502 5
533 204 0
968 1 83
652 617 77
377 588 93
737 667 52
253 861 28
598 81 64
413 727 100
78 658 57
734 879 94
609 954 97
597 245 89
236 658 95
798 874 85
950 828 47
238 335 66
133 904 14
350 598 16
142 961 39
952 277 73
441 530 58
882 887 48
237 408 2
121 174 34
287 30 97
86 190 17
51 670 94
79 600 55
388 176 76
577 612 92
405 184 76
875 77 85
395 102 84
637 473 3
970 183 42
12 904 87
655 183 15
973 309 14
498 263 80
43 810 67
44 234 61
391 792 74
556 748 87
583 379 4
579 585 20
504 79 64
269 333 46
378 245 30
42 676 34
