vertex_name,position_x,position_y
1,0.2739,-0.3012
2,0.3029,-0.3259
3,-0.3533,0.00403
4,-0.2161,0.1885
5,-0.0974,0.2248
6,-0.2005,0.07435
7,-0.1548,0.06383
8,0.06631,0.4312
9,0.2054,0.2634
10,0.1692,0.1409
11,0.699,0.113
12,0.5031,0.1165
13,-0.07145,0.1978
14,0.1987,0.5468
15,-0.2928,0.5904
16,0.01406,0.2216
17,0.02114,0.1726
18,0.411,0.1743
19,-0.02005,0.7169
20,0.2118,0.2392
21,-0.3133,0.2806
22,-0.05752,0.2887
23,-0.08146,0.251
24,-0.05097,0.3631
25,-0.07984,0.2906
26,0.2327,-0.1048
27,-0.5032,0.228
28,-0.6449,-0.1762
29,0.1366,0.551
30,-0.1043,0.3129
31,0.06277,0.326
32,-0.02074,0.2997
33,-0.4418,-0.05214
34,-0.3245,0.3754
35,-0.378,0.3954
36,-0.117,0.3172
37,-0.008517,0.2784
38,-0.1888,0.3642
39,0.1669,0.3208
40,-0.01643,0.1886
41,0.1126,0.3983
42,-0.4149,0.3684
43,-0.09483,0.2623
44,0.08317,0.3351
45,-0.2697,0.4272
46,-0.08503,0.2864
47,-0.04407,0.3773
48,0.1555,0.1327
49,0.02245,0.2428
50,0.1027,0.1838
51,0.006238,0.3098
52,0.168,0.3067
53,-0.05386,0.2507
54,0.03859,0.1449
55,-0.04263,0.4826
56,-0.2189,0.1956
57,-0.1703,0.4461
58,-0.1263,0.3025
59,-0.1027,0.3398
60,-0.1439,0.3956
61,-0.01954,0.295
62,-0.04657,0.2206
63,-0.09631,0.2257
64,-0.06991,0.24
65,-0.04137,0.2498
66,-0.06121,0.1901
67,-0.009712,0.1905
68,-0.1103,0.3351
69,-0.06325,0.2758
70,-0.06451,0.2643
71,-0.06595,0.2655
72,0.02823,0.2574
73,0.001747,0.1566
74,-0.06476,0.2768
75,-0.05967,0.2418
76,-0.01032,0.2523
77,-0.2554,0.03377
78,-0.01705,0.2602
79,-0.003982,0.1912
80,-0.08477,0.2263
81,-0.05391,0.1888
82,0.03803,0.2428
83,-0.1026,0.3128
84,-0.1106,0.1115
85,-0.05549,0.4641
86,0.162,0.5122
87,-0.04174,0.2524
88,-0.07204,0.2197
89,0.04159,0.465
90,-0.03919,0.2714
91,-0.01578,0.2596
92,-0.1434,-0.262
93,-0.07732,0.3109
94,-0.1235,0.2439
95,0.0181,0.2928
96,0.01491,0.317
97,-0.01506,0.317
98,0.08726,0.1167
99,-0.05626,0.2242
100,-0.156,0.1983
101,0.1341,0.2887
102,-0.04555,0.2262
103,-0.02989,0.3417
104,0.1448,0.4127
105,0.07636,0.4112
106,-0.0173,0.2776
107,0.0882,0.2964
108,0.007474,0.3199
109,-0.0452,0.2494
110,-0.0632,0.3085
111,0.04954,0.2208
112,-0.06081,0.3092
113,-0.05055,0.2875
114,-0.01312,0.2098
115,-0.09173,0.2656
116,-0.02565,0.2496
117,-0.01602,0.2463
118,0.07248,0.3247
119,0.003835,0.33
120,-0.008376,0.2832
121,0.1286,0.306
122,-0.04701,0.2413
123,0.03066,0.3077
124,-0.045,0.2952
125,-0.04058,0.3231
126,0.1023,0.3071
127,0.002371,0.3253
128,-0.06605,0.2132
129,0.01099,0.2953
130,-0.05271,0.2248
131,0.05674,0.2722
132,0.01672,0.3347
133,-0.03031,0.2894
134,-0.02371,0.3104
135,-0.0587,0.3227
136,0.01862,0.2649
137,0.03868,0.2008
138,0.04387,0.2695
139,0.05887,0.2951
140,-0.16,0.2028
141,-0.0585,0.2583
142,0.04626,0.1448
143,-0.09672,0.2361
144,-0.006711,0.2986
145,0.03683,0.285
146,-0.01857,0.2967
147,-0.04718,0.2638
148,0.07312,0.2416
149,-0.01994,0.2334
150,0.01879,0.3737
151,0.1649,0.4244
152,0.8535,0.07684
153,0.1517,0.2378
154,0.2116,0.2687
155,0.1268,0.2163
156,0.1119,0.2373
157,0.1148,0.2554
158,0.0842,0.2752
159,0.09738,0.2666
160,0.08294,0.2813
161,0.1632,0.2431
162,0.1459,0.2563
163,0.1097,0.1531
164,0.1197,0.1975
165,0.09921,0.2316
166,0.1138,0.3323
167,0.5269,0.3349
168,0.117,0.4441
169,0.006199,0.2634
170,-0.03062,0.3546
171,-0.09876,0.3407
172,-0.05607,0.2777
173,-0.06886,0.321
174,0.01424,0.2453
175,-0.059,0.2965
176,-0.1319,0.2581
177,-0.03174,0.262
178,-0.06664,0.2724
179,-0.05493,0.2662
180,-0.005796,0.2942
181,0.02614,0.2432
182,0.1318,0.2805
183,-0.1486,0.2322
184,-0.1538,0.1802
185,-0.05386,0.2677
186,-0.07363,0.2755
187,-0.05417,0.3406
188,0.02004,0.2588
189,0.07338,0.3037
190,-0.07815,0.2821
191,0.04791,0.2177
192,0.05942,0.2619
193,-0.09359,0.2833
194,-0.06622,0.391
195,-0.1594,0.2437
196,-0.05313,0.2922
197,-0.09752,0.4004
198,0.07626,0.3237
199,0.2467,0.3453
200,-0.07204,0.2197
201,-0.1068,0.2693
202,0.0334,0.3834
203,-0.07309,0.2383
204,-0.05326,0.1544
205,-0.05788,0.3047
206,0.02535,0.4938
207,-0.07487,0.408
208,-0.3313,0.2295
209,-0.09523,0.2851
210,0.0121,0.188
211,-0.09618,0.2748
212,-0.218,0.5154
213,-0.02261,0.3132
214,0.001549,0.278
215,0.05227,0.2762
216,-0.0384,0.2565
217,-0.02836,0.2228
218,-0.003077,0.1501
219,-0.1274,0.2454
220,0.0933,0.3425
221,0.05379,0.3558
222,-0.08266,0.2924
223,-0.05558,0.185
224,-0.003341,0.3742
225,0.04103,0.4092
226,0.06048,0.247
227,-0.09448,0.2037
228,-0.06443,0.237
229,0.01406,0.2216
230,0.07755,0.2702
231,-0.1628,0.408
232,0.0798,0.3564
233,0.1039,0.2514
234,0.02702,0.3409
235,-0.005097,0.1031
236,-0.09363,0.311
237,0.01074,0.1425
238,-0.02799,0.3551
239,-0.06377,0.2668
240,-0.1502,0.1779
241,0.04351,0.3171
242,0.1044,0.3374
243,-0.01271,0.3478
244,-0.04572,0.2502
245,-0.03421,0.4487
246,0.01668,0.33
247,0.01875,0.2626
248,-0.121,0.3283
249,-0.0701,0.3058
250,-0.09525,0.2903
251,-0.09482,0.2342
252,-0.02719,0.3628
253,-0.08127,0.2945
254,-0.06415,0.1873
255,-0.01008,0.3113
256,0.008497,0.2488
257,0.398,0.1919
258,-0.03789,0.255
259,0.01737,0.2661
260,-0.1247,0.3163
261,-0.07791,0.2514
262,0.02699,0.3713
263,-0.02232,0.3667
264,0.02925,0.3646
265,0.004575,0.3155
266,-0.01833,0.3073
267,0.1805,0.5065
268,0.02978,0.2301
269,-0.1249,0.2462
270,0.002659,0.3296
271,-0.05872,0.2615
272,0.1182,0.2171
273,-0.03542,0.6008
274,0.05008,0.102
275,-0.0741,0.3086
276,0.01592,0.3008
277,0.008586,0.2772
278,-0.08321,0.2725
279,0.2192,0.332
280,-0.1588,0.2694
281,-0.0622,0.2741
282,-0.09121,0.2678
283,-0.06277,0.2514
284,0.02194,0.3017
285,-0.01211,0.3119
286,-0.01328,0.2899
287,0.4376,0.01369
288,-0.03961,0.2786
289,-0.08668,0.2267
290,-0.04749,0.2812
291,-0.001856,0.2871
292,0.006838,0.2366
293,0.000714,0.2193
294,-0.07229,0.3003
295,-0.02404,0.3044
296,0.04317,0.3887
297,-0.1191,0.2506
298,-0.1242,0.3021
299,-0.06896,0.3316
300,0.02084,0.3346
301,-0.01464,0.3072
302,-0.1737,0.1551
303,0.04317,0.245
304,-0.008545,0.321
305,0.03694,0.2724
306,0.1058,0.3074
307,-0.03312,0.3437
308,-0.2435,0.4926
309,0.001519,0.261
310,-0.06366,0.2737
311,-0.01307,0.3461
312,-0.02884,0.295
313,-0.06332,0.3199
314,-0.03412,0.2788
315,-0.04729,0.2051
316,-0.02107,0.2433
317,-0.1053,0.2335
318,0.04545,0.2505
319,-0.03065,0.322
320,-0.1184,0.2508
321,0.05586,0.3062
322,0.02517,0.3404
323,-0.02484,0.3316
324,-0.08085,0.2523
325,-0.01626,0.2694
326,-0.05434,0.2936
327,0.005788,0.2208
328,-0.08895,0.2567
329,0.02029,0.3399
330,0.1137,0.3513
331,0.05835,0.2287
332,0.04792,0.2228
333,0.005343,0.2684
334,-0.02125,0.306
335,-0.0498,0.2268
336,-0.0425,0.2814
337,-0.09566,0.1205
338,-0.006495,0.3103
339,-0.003926,0.272
340,-0.06193,0.2729
341,-0.03803,0.3173
342,-0.06013,0.2641
343,-0.04838,0.2384
344,0.1013,0.2468
345,-0.02105,0.2692
346,0.1664,0.4494
347,0.1091,0.2216
348,-0.02039,0.267
349,-0.02372,0.2338
350,0.01344,0.409
351,-0.05584,0.3855
352,0.06145,0.3576
353,0.03688,0.3624
354,-0.0321,0.3021
355,-0.06196,0.2661
356,-0.06032,0.3026
357,0.018,0.3182
358,0.1344,0.4135
359,0.02027,0.331
360,0.01211,0.2802
361,-0.1658,0.1291
362,-0.01561,0.1532
363,-0.03993,0.2743
364,-0.1188,0.3549
365,-0.05807,0.2907
366,-0.006113,0.3147
367,-0.03735,0.2193
368,-0.08699,0.1868
369,-0.02929,0.2957
370,0.03672,0.3536
371,-0.07789,0.2622
372,-0.05088,0.2598
373,0.1334,0.3172
374,0.08163,0.2855
375,-0.01342,0.2666
376,-0.04905,0.3292
377,0.4086,0.3205
378,0.05815,0.2511
379,-0.07283,0.4064
380,-0.09932,0.2756
381,0.05988,0.3166
382,-0.03747,0.3147
383,-0.05522,0.3022
384,0.01606,0.2738
385,-0.1226,0.2328
386,-0.1614,0.3969
387,-0.08466,0.3237
388,-0.08823,0.3207
389,-0.04567,0.2567
390,-0.06338,0.2931
391,-0.0419,0.3419
392,0.06277,0.326
393,-0.01578,0.3303
394,-0.3327,0.1386
395,-0.06101,0.2947
396,-0.07864,0.3365
397,0.1836,0.4226
398,-0.05641,0.2049
399,-0.02429,0.2635
400,-0.02418,0.2764
401,-0.02235,0.3423
402,-0.0806,0.2899
403,-0.06603,0.2081
404,-0.09435,0.3131
405,-0.1329,0.3505
406,-0.05662,0.2631
407,-0.6365,-0.07861
408,-0.01538,0.3235
409,0.08687,0.2602
410,0.1699,0.3029
411,0.0313,0.3754
412,-0.06195,0.2629
413,0.16,0.2014
414,-0.03254,0.4191
415,-0.1657,0.1662
416,-0.09651,0.3401
417,-0.08085,0.3326
418,-0.00696,0.3198
419,0.02889,0.28
420,-0.03265,0.2749
421,0.005523,0.3086
422,0.1688,0.649
423,-0.1777,0.3971
424,-0.04244,0.3798
425,-0.14,0.3053
426,0.004293,0.3043
427,-0.008109,0.2882
428,-0.08515,0.2674
429,-0.03373,0.292
430,-0.0462,0.3132
431,-0.0358,0.258
432,-0.01915,0.3064
433,-0.0944,0.3443
434,-0.1469,0.4903
435,0.08005,0.2666
436,0.004471,0.2817
437,0.0001076,0.2897
438,-0.008731,0.274
439,-0.06585,0.2082
440,-0.06732,0.3108
441,-0.03751,0.2111
442,-0.03903,0.3163
443,0.04813,0.3396
444,-0.01958,0.2494
445,0.00644,0.2273
446,-0.06616,0.3877
447,-0.07504,0.2469
448,-0.09444,0.2037
449,-0.03365,0.3494
450,0.09358,0.2319
451,-0.06659,0.329
452,-0.05022,0.2617
453,-0.05717,0.322
454,0.06277,0.326
455,0.002855,0.3227
456,0.01954,0.2844
457,0.003711,0.3366
458,-0.02709,0.3311
459,0.048,0.2999
460,0.03631,0.4224
461,0.03912,0.3075
462,-0.0174,0.2851
463,0.01626,0.3076
464,0.005118,0.2569
465,0.05314,0.3287
466,0.0305,0.3023
467,0.07914,0.2308
468,0.05034,0.2459
469,0.01948,0.3009
470,-0.03657,0.3103
471,-0.05241,0.2808
472,-0.1902,0.1954
473,-0.06389,0.313
474,-0.01226,0.3983
475,-0.05127,0.3001
476,-0.04054,0.2627
477,-0.01497,0.3079
478,0.02167,0.2477
479,-0.06956,0.3101
480,0.00357,0.2933
481,-0.07447,0.2556
482,-0.01838,0.2659
483,-0.08678,0.2078
484,-0.1189,0.2318
485,-0.1308,0.2448
486,-0.04568,0.1395
487,-0.121,0.2255
488,-0.1361,0.2359
489,-0.05021,0.2078
490,-0.1499,0.2499
491,-0.1612,0.2188
492,-0.1573,0.2146
493,-0.01637,0.06029
494,-0.09793,0.2224
495,-0.06714,0.252
496,-0.1345,0.204
497,-0.4714,0.4101
498,-0.1046,0.2401
499,-0.1388,0.227
500,0.03683,0.285
501,-0.1637,0.343
502,-0.09155,0.2736
503,-0.01301,0.1943
504,0.03678,0.3053
505,-0.07569,0.3403
506,-0.1231,0.3392
507,-0.05741,0.4021
508,-0.12,0.3201
509,-0.04747,0.2301
510,-0.08607,0.07558
511,-0.1949,0.5772
512,-0.2455,0.3797
513,0.02528,0.3
514,0.08262,0.1218
515,-0.01477,0.2199
516,0.0425,0.2075
517,-0.103,0.2736
518,0.03462,0.2714
519,0.04421,0.3783
520,-0.01803,0.3012
521,-0.01794,0.2889
522,-0.02728,0.2513
523,-0.04572,0.2502
524,-0.08227,0.2555
525,-0.07226,0.2676
526,-0.03711,0.3002
527,-0.05943,0.3567
528,-0.002344,0.2925
529,0.02405,0.2986
530,-0.07123,0.2444
531,-0.1068,0.2549
532,0.01227,0.2539
533,0.03179,0.2707
534,0.08603,0.2953
535,-0.04976,0.2565
536,-0.1018,0.3525
537,-0.04344,0.1348
538,-0.03759,0.2521
539,0.1807,0.3333
540,-0.0483,0.3198
541,-0.003657,0.2647
542,0.01093,0.2649
543,-0.04255,0.326
544,-0.1097,0.2626
545,-0.02352,0.176
546,0.01946,0.3426
547,0.02794,0.2351
548,0.0001851,0.2938
549,-0.01504,0.2577
550,-0.05638,0.1929
551,0.05305,0.3236
552,-0.06257,0.2853
553,-0.07509,0.1673
554,-0.01644,0.3192
555,-0.02906,0.3652
556,0.04069,0.3056
557,0.1438,0.2906
558,-0.1574,0.2068
559,0.04755,0.2165
560,-0.03806,0.2448
561,-0.006814,0.2725
562,-0.04653,0.2373
563,-0.03453,0.3257
564,-0.02932,0.3345
565,-0.0911,0.2446
566,-0.0358,0.2759
567,-0.03565,0.2814
568,0.02109,0.3683
569,-0.01912,0.2996
570,0.006334,0.2797
571,0.1467,0.407
572,-0.08767,0.2586
573,-0.03616,0.314
574,-0.08221,0.3078
575,0.02853,0.191
576,-0.075,0.3245
577,-0.02311,0.3342
578,0.004135,0.3764
579,-0.01979,0.31
580,0.03896,0.2328
581,0.04898,0.3288
582,-0.01916,0.3359
583,-0.07937,0.3437
584,0.1108,0.3195
585,-0.09348,0.3472
586,-0.0391,0.2747
587,-0.07402,0.2389
588,-0.1595,0.4067
589,-0.008755,0.268
590,-0.05048,0.3321
591,-0.04611,0.328
592,0.03062,0.3019
593,-0.0515,0.2686
594,-0.06349,0.2486
595,-0.01153,0.3204
596,0.07122,0.2393
597,-0.04804,0.3205
598,0.05591,0.3966
599,-0.02908,0.309
600,0.1872,0.4223
601,-0.008335,0.2687
602,-0.05885,0.2662
603,-0.03434,0.2816
604,-0.03802,0.2965
605,0.002758,0.3059
606,-0.08805,0.2369
607,-0.04968,0.2865
608,0.09611,0.2478
609,-0.08462,0.333
610,-0.04195,0.3456
611,0.01362,0.263
612,-0.09973,0.1631
613,-0.116,0.2129
614,-0.08311,0.2393
615,0.1317,0.2788
616,0.01316,0.3285
617,-0.01747,0.2277
618,-0.337,-0.04977
619,-0.008176,0.35
620,-0.05264,0.2794
621,-0.09733,0.1062
622,0.02715,0.2977
623,0.1752,0.4206
624,-0.1294,0.2464
625,-0.03874,0.3404
626,-0.1214,0.1874
627,-0.07984,0.2772
628,0.03538,0.331
629,0.0186,0.3548
630,-0.03602,0.2726
631,-0.1331,0.3547
632,-0.07836,0.2766
633,0.1218,0.322
634,-0.0393,0.2975
635,-0.001396,0.2502
636,-0.03923,0.2953
637,0.0436,0.2861
638,-0.02445,0.2073
639,-0.03238,0.2104
640,0.1137,0.4204
641,-0.02089,0.3074
642,-0.02013,0.2732
643,0.03754,0.165
644,0.1465,0.3427
645,-0.02186,0.2726
646,-0.1593,0.2451
647,-0.09017,0.2272
648,-0.01744,0.2946
649,-0.04789,0.3873
650,-0.02838,0.2867
651,-0.003719,0.2597
652,-0.01189,0.2452
653,-0.008707,0.2462
654,-0.09057,0.4197
655,-0.01837,0.1816
656,0.01587,0.2678
657,-0.1533,0.212
658,-0.05343,0.3289
659,-0.02248,0.268
660,-0.09359,0.2833
661,-0.04694,0.3915
662,0.09238,0.2536
663,-0.1581,0.3976
664,-0.1262,0.2985
665,-0.04877,0.2807
666,-0.06545,0.3693
667,0.02088,0.3097
668,0.02243,0.2509
669,-0.01236,0.2612
670,0.03552,0.3083
671,-0.1321,0.3464
672,-0.09442,0.3703
673,-0.03401,0.3288
674,-0.03798,0.3289
675,-0.03157,0.3979
676,0.03183,0.3247
677,-0.04708,0.2914
678,-0.02162,0.242
679,-0.06572,0.3003
680,-0.1155,0.2625
681,-0.04489,0.1949
682,-0.09134,0.1971
683,-0.03236,0.2488
684,-0.08372,0.356
685,-0.1113,0.3014
686,-0.06284,0.2988
687,-0.02054,0.3167
688,-0.08405,0.1816
689,-0.1206,0.271
690,0.06056,0.2745
691,-0.04552,0.2895
692,0.1807,0.3333
693,-0.1079,0.3873
694,0.05188,0.3753
695,-0.0306,0.2308
696,-0.02334,0.3014
697,-0.02094,0.3575
698,-0.02911,0.2132
699,0.0583,0.3718
700,-0.02168,0.4023
701,-0.008984,0.3236
702,0.01096,0.3839
703,-0.001237,0.3408
704,-0.01678,0.3282
705,-0.05134,0.197
706,-0.06158,0.2583
707,-0.006355,0.387
708,-0.1115,0.2734
709,0.01863,0.3706
710,-0.02717,0.2602
711,-0.06505,0.3118
712,0.1236,0.2492
713,0.2056,0.4673
714,-0.07107,0.2697
715,-0.07022,0.2597
716,-0.01791,0.2907
717,-0.0002256,0.3351
718,-0.05692,0.317
719,-0.04386,0.2838
720,-0.04759,0.2522
721,-0.005928,0.2318
722,-0.04874,0.3193
723,0.01216,0.3276
724,-0.04083,0.2372
725,-0.02248,0.3035
726,0.06193,0.3103
727,-0.04014,0.3257
728,-0.1107,0.2818
729,-0.03392,0.2589
730,0.06798,0.2939
731,-0.05379,0.2682
732,-0.07001,0.2741
733,-0.007128,0.3221
734,-0.0824,0.2066
735,-0.01582,0.3852
736,0.1242,0.3312
737,0.1765,0.3673
738,0.02239,0.2927
739,-0.1539,0.3085
740,-0.01333,0.3592
741,-0.03793,0.3083
742,-0.1078,0.1148
743,-0.01085,0.2232
744,-0.06383,0.1311
745,-0.105,0.4138
746,-0.07745,0.2289
747,-0.02777,0.2495
748,-0.09577,0.2785
749,-0.0009427,0.3356
750,-0.001549,0.2599
751,0.009602,0.2512
752,-0.2268,0.2652
753,-0.1083,0.3355
754,-0.003211,0.2198
755,-0.06708,0.2421
756,-0.06891,0.2441
757,0.02232,0.2336
758,-0.3186,0.2553
759,-0.02013,0.3326
760,-0.08965,0.1375
761,0.06922,0.22
762,-0.01646,0.2192
763,-0.06165,0.1958
764,0.09197,0.2738
765,-0.005035,0.2702
766,0.1417,0.2791
767,0.03176,0.2993
768,0.05125,0.3466
769,0.1209,0.2195
770,0.1417,0.2791
771,-0.09038,0.2597
772,-0.006847,0.3635
773,0.01173,0.3339
774,-0.1702,0.4287
775,-0.1217,0.2375
776,-0.0788,0.2242
777,-0.2648,0.4071
778,-0.06558,0.353
779,-0.07096,0.4406
780,-0.117,0.243
781,-0.08799,0.2612
782,-0.03388,0.2311
783,-0.04362,0.2742
784,-0.001763,0.2988
785,-0.04636,0.3278
786,0.02749,0.3739
787,0.01413,0.4418
788,-0.04397,0.2748
789,0.01248,0.3049
790,-0.02409,0.2764
791,-0.08921,0.2123
792,-0.03216,0.2928
793,0.006896,0.2409
794,-0.02672,0.3007
795,-0.01908,0.3028
796,-0.01683,0.3684
797,-0.1166,0.142
798,0.003482,0.3769
799,0.08398,0.2848
800,-0.07698,0.2489
801,0.01615,0.2791
802,-0.01711,0.3875
803,-0.04749,0.3055
804,0.005909,0.3068
805,-0.09548,0.368
806,-0.01004,0.2592
807,0.05363,0.2846
808,-0.00532,0.2954
809,-0.0128,0.2807
810,-0.07758,0.2883
811,0.06556,0.2639
812,-0.0554,0.1458
813,-0.02034,0.5142
814,0.07164,0.3589
815,-0.007089,0.3371
816,-0.02007,0.2769
817,-0.06032,0.3588
818,-0.04651,0.2298
819,-0.04293,0.4362
820,-0.1027,0.268
821,-0.05423,0.3709
822,0.04994,0.2743
823,-0.03301,0.3119
824,0.01237,0.295
825,0.03821,0.3361
826,-0.02989,0.2593
827,-0.1525,0.1878
828,-0.3697,0.04889
829,-0.02921,0.2517
830,0.06468,0.2811
831,-0.02746,0.3448
832,0.05485,0.3287
833,0.0876,0.2917
834,-0.05307,0.2984
835,-0.07598,0.213
836,-0.02697,0.2903
837,-0.0403,0.2933
838,0.06375,0.09578
839,-0.02578,0.2591
840,-0.1216,0.3311
841,0.00653,0.2877
842,0.02312,0.5206
843,0.02049,0.2648
844,0.05309,0.3552
845,-0.09336,0.1058
846,-0.05814,0.3942
847,0.03396,0.2726
848,0.009181,0.2222
849,-0.04811,0.386
850,-0.01962,0.2178
851,-0.06394,0.3325
852,0.06075,0.1865
853,0.1039,0.3305
854,-0.1523,0.2347
855,-0.01606,0.2722
856,0.03698,0.3728
857,0.1496,0.3133
858,0.01046,0.4151
859,-0.03763,0.3009
860,-0.06634,0.2537
861,-0.08808,0.3374
862,-0.1477,0.2642
863,-0.04522,0.3021
864,-0.1076,0.2019
865,-0.005248,0.3223
866,-0.04469,0.2221
867,-0.04108,0.2506
868,-0.0355,0.3026
869,-0.01178,0.3002
870,0.05418,0.2775
871,-0.03886,0.3164
872,-0.03276,0.3035
873,-0.01542,0.2552
874,-0.0731,0.3362
875,0.04369,0.1837
876,-0.0308,0.3406
877,-0.07237,0.2881
878,-0.04714,0.2652
879,-0.04576,0.3446
880,0.04544,0.3363
881,-0.006017,0.3122
882,-0.01317,0.2398
883,-0.06331,0.2297
884,-0.07348,0.343
885,-0.09134,0.1971
886,0.2083,0.2575
887,-0.07533,0.1691
888,-0.02432,0.2915
889,-0.1064,0.3803
890,-0.151,0.207
891,-0.1327,0.3532
892,0.01128,0.2687
893,0.01946,0.3426
894,-0.07348,0.4942
895,-0.1018,0.2465
896,-0.03487,0.3558
897,-0.05052,0.2922
898,0.01546,0.3318
899,-0.04726,0.2824
900,-0.0382,0.2544
901,-0.09442,0.3703
902,-0.2263,0.3597
903,0.1112,0.3728
904,-0.03419,0.3166
905,-0.0587,0.3504
906,-0.1671,0.4423
907,-0.007005,0.4169
908,0.01829,0.2326
909,0.004649,0.3099
910,-0.003587,0.3093
911,-0.03758,0.2503
912,-0.1029,0.3644
913,-0.05706,0.304
914,-0.02861,0.2304
915,0.007951,0.2743
916,-0.03255,0.2637
917,-0.0155,0.2576
918,-0.01836,0.2823
919,-0.1064,0.3121
920,0.0005503,0.1953
921,0.03974,0.2724
922,-0.004177,0.282
923,0.01415,0.3355
924,0.01947,0.2763
925,0.03458,0.2275
926,0.001514,0.3999
927,-0.06997,0.3884
928,-0.01553,0.2467
929,0.09889,0.4805
930,0.05236,0.2251
931,-0.07304,0.3051
932,0.1553,0.3687
933,-0.0846,0.2642
934,0.007693,0.2922
935,-0.03586,0.2831
936,0.08029,0.3327
937,0.04489,0.3493
938,-0.04499,0.3737
939,0.07378,0.359
940,-0.03476,0.4074
941,-0.1256,0.2698
942,-0.02966,0.164
943,0.04657,0.2656
944,0.08007,0.321
945,-0.1033,0.3443
946,0.1118,0.3195
947,-0.04697,0.257
948,0.009914,0.3141
949,-0.05633,0.2502
950,-0.04965,0.2607
951,-0.01363,0.2608
952,0.05843,0.3946
953,0.05353,0.206
954,-0.04701,0.2372
955,0.005662,0.3228
956,-0.000854,0.2534
957,-0.0441,0.3195
958,0.08689,0.2841
959,-0.1104,0.2951
960,0.02452,0.2304
961,0.03104,0.3585
962,-0.06471,0.2941
963,-0.04137,0.2498
964,0.07718,0.3032
965,-0.09716,0.3446
966,-0.1106,0.322
967,-0.1314,0.1866
968,-0.1129,0.1799
969,-0.02409,0.1615
970,0.01402,0.2926
971,-0.008879,0.3757
972,-0.05284,0.3793
973,0.01692,0.3311
974,-0.0851,0.3723
975,-0.06803,0.3253
976,0.02053,0.3754
977,-0.08623,0.338
978,-0.08344,0.2636
979,0.03252,0.2502
980,-0.06318,0.2499
981,-0.03291,0.2747
982,-0.004888,0.2846
983,-0.01769,0.3699
984,-0.03466,0.2605
985,-0.07976,0.221
986,-0.04041,0.3263
987,-0.02592,0.2864
988,0.0001891,0.3358
989,0.04568,0.3184
990,0.02476,0.2453
991,-0.09363,0.3103
992,0.08173,0.4009
993,0.03339,0.3361
994,-0.03191,0.3584
995,-0.05449,0.2834
996,-0.1116,0.1056
997,0.0216,0.2787
998,-0.001109,0.2673
999,-0.06136,0.2235
1000,0.1219,0.2856
1001,-0.03344,0.2773
1002,-0.0009838,0.3324
1003,-0.04377,0.2614
1004,-0.00881,0.2948
1005,0.114,0.3102
1006,0.001856,0.363
